# dR/dEr [1/keV/kg/Myr]
# Er [keV], S, F, Ne, Cl, Na, Si, O, P, N, C, Al, Mg, Be, B, Ar, Li
1.061009e+01  2.383674e+04  1.693379e+04  0.000000e+00  0.000000e+00  4.785499e+03  0.000000e+00  1.802218e+03  0.000000e+00  0.000000e+00  0.000000e+00  0.000000e+00  0.000000e+00  2.253083e-01  0.000000e+00  0.000000e+00  0.000000e+00
1.190472e+01  9.363482e+03  1.150057e+03  0.000000e+00  0.000000e+00  2.908754e+03  0.000000e+00  0.000000e+00  0.000000e+00  0.000000e+00  0.000000e+00  0.000000e+00  0.000000e+00  0.000000e+00  0.000000e+00  0.000000e+00  0.000000e+00
1.335731e+01  1.253273e+04  2.724049e+03  0.000000e+00  0.000000e+00  0.000000e+00  0.000000e+00  0.000000e+00  0.000000e+00  0.000000e+00  0.000000e+00  0.000000e+00  0.000000e+00  0.000000e+00  0.000000e+00  0.000000e+00  0.000000e+00
1.498715e+01  3.494308e+03  2.883000e+03  0.000000e+00  0.000000e+00  1.418408e+03  0.000000e+00  6.330572e+02  0.000000e+00  0.000000e+00  0.000000e+00  0.000000e+00  0.000000e+00  0.000000e+00  0.000000e+00  0.000000e+00  0.000000e+00
1.681586e+01  8.432072e+03  2.280739e+03  1.263866e+03  0.000000e+00  2.286050e+03  5.642128e+02  0.000000e+00  0.000000e+00  0.000000e+00  0.000000e+00  0.000000e+00  0.000000e+00  0.000000e+00  0.000000e+00  0.000000e+00  0.000000e+00
1.886771e+01  5.895771e+03  3.196715e+03  0.000000e+00  0.000000e+00  1.126422e+03  0.000000e+00  0.000000e+00  0.000000e+00  0.000000e+00  0.000000e+00  0.000000e+00  0.000000e+00  0.000000e+00  0.000000e+00  0.000000e+00  0.000000e+00
2.116992e+01  5.715687e+03  3.920325e+03  0.000000e+00  0.000000e+00  1.169781e+03  0.000000e+00  5.345486e+02  0.000000e+00  0.000000e+00  0.000000e+00  7.185164e+00  0.000000e+00  0.000000e+00  0.000000e+00  0.000000e+00  0.000000e+00
2.375304e+01  1.045084e+04  2.082067e+03  3.643700e+02  0.000000e+00  1.963641e+03  0.000000e+00  8.947486e+02  0.000000e+00  0.000000e+00  0.000000e+00  0.000000e+00  0.000000e+00  0.000000e+00  0.000000e+00  0.000000e+00  0.000000e+00
2.665135e+01  9.101421e+03  2.731384e+03  4.246070e+02  1.841081e-01  7.174698e+02  0.000000e+00  0.000000e+00  1.089189e+02  0.000000e+00  0.000000e+00  0.000000e+00  0.000000e+00  0.000000e+00  0.000000e+00  0.000000e+00  0.000000e+00
2.990330e+01  9.702847e+03  4.283137e+03  5.782944e+02  0.000000e+00  2.722318e+02  0.000000e+00  6.957116e+02  0.000000e+00  0.000000e+00  0.000000e+00  1.077362e+00  0.000000e+00  2.591279e+01  0.000000e+00  0.000000e+00  0.000000e+00
3.355206e+01  1.290815e+04  3.158534e+03  4.621583e+02  0.000000e+00  1.075359e+03  0.000000e+00  6.442652e+02  0.000000e+00  0.000000e+00  0.000000e+00  2.311310e+01  0.000000e+00  1.050478e+01  0.000000e+00  0.000000e+00  0.000000e+00
3.764603e+01  1.387683e+04  1.934780e+03  8.505857e-03  3.005988e+02  9.775293e+02  0.000000e+00  2.650478e-01  0.000000e+00  0.000000e+00  0.000000e+00  0.000000e+00  0.000000e+00  1.631024e-02  0.000000e+00  0.000000e+00  0.000000e+00
4.223954e+01  1.329299e+04  6.733127e+03  5.759771e+00  0.000000e+00  2.665285e+03  0.000000e+00  4.492489e+02  0.000000e+00  0.000000e+00  0.000000e+00  2.417949e+00  0.000000e+00  5.080560e+02  0.000000e+00  0.000000e+00  0.000000e+00
4.739354e+01  1.873657e+04  7.132447e+03  2.387741e+02  5.659571e+02  9.230059e+02  0.000000e+00  8.843186e+02  0.000000e+00  0.000000e+00  0.000000e+00  0.000000e+00  0.000000e+00  2.763953e+02  0.000000e+00  0.000000e+00  0.000000e+00
5.317643e+01  1.627447e+04  4.263969e+03  6.040350e+02  0.000000e+00  1.982905e+03  0.000000e+00  1.176429e+03  0.000000e+00  0.000000e+00  0.000000e+00  2.860465e+00  0.000000e+00  0.000000e+00  0.000000e+00  0.000000e+00  0.000000e+00
5.966493e+01  2.163347e+04  7.715299e+03  6.766878e+02  3.486818e+02  1.157302e+03  0.000000e+00  8.189697e+02  0.000000e+00  0.000000e+00  0.000000e+00  6.654477e+00  0.000000e+00  9.148342e-01  0.000000e+00  0.000000e+00  0.000000e+00
6.694516e+01  2.349963e+04  6.398785e+03  1.111468e+03  0.000000e+00  2.819843e+03  0.000000e+00  3.175421e+02  0.000000e+00  1.376575e+00  0.000000e+00  9.126966e+01  0.000000e+00  1.999488e+03  0.000000e+00  0.000000e+00  0.000000e+00
7.511370e+01  2.450739e+04  8.214946e+03  7.676753e+02  3.327500e+02  1.575943e+03  0.000000e+00  7.425660e+02  0.000000e+00  0.000000e+00  0.000000e+00  3.238957e+00  0.000000e+00  6.487952e+05  0.000000e+00  0.000000e+00  0.000000e+00
8.427896e+01  3.107678e+04  9.896560e+03  5.912645e+02  7.563826e+02  2.392605e+03  0.000000e+00  1.155224e+03  0.000000e+00  0.000000e+00  0.000000e+00  0.000000e+00  0.000000e+00  7.873170e+05  0.000000e+00  0.000000e+00  0.000000e+00
9.456255e+01  3.140127e+04  7.841116e+03  6.538318e+02  4.040920e+02  2.053824e+03  0.000000e+00  3.887371e+02  0.000000e+00  9.754616e-01  0.000000e+00  9.209446e-04  0.000000e+00  5.903722e+05  0.000000e+00  0.000000e+00  0.000000e+00
1.061009e+02  3.726018e+04  1.003866e+04  6.112280e+02  1.629863e+02  2.924869e+03  0.000000e+00  7.396180e+02  0.000000e+00  0.000000e+00  3.742087e+00  1.801231e+02  0.000000e+00  4.598596e+05  0.000000e+00  0.000000e+00  0.000000e+00
1.190472e+02  3.970864e+04  1.276471e+04  1.300985e+03  2.081035e+02  2.447496e+03  0.000000e+00  3.265520e+02  0.000000e+00  7.969718e+01  5.132470e+01  4.105018e+05  0.000000e+00  3.349640e+05  0.000000e+00  1.279126e+00  0.000000e+00
1.335731e+02  4.504623e+04  1.423568e+04  9.082612e+02  2.397276e-03  3.359807e+03  0.000000e+00  4.526769e+02  0.000000e+00  0.000000e+00  0.000000e+00  3.361971e+05  0.000000e+00  2.444959e+05  0.000000e+00  0.000000e+00  0.000000e+00
1.498715e+02  1.112657e+05  1.625238e+04  7.509551e+02  2.188146e+02  2.062888e+03  0.000000e+00  6.875581e+02  0.000000e+00  1.266780e+02  1.937680e+01  2.519649e+05  0.000000e+00  1.837268e+05  0.000000e+00  0.000000e+00  0.000000e+00
1.681586e+02  1.607880e+05  1.621488e+04  8.937364e+02  2.286050e+02  1.709773e+03  5.178852e-04  9.530108e+02  0.000000e+00  1.146956e+01  0.000000e+00  1.853284e+05  0.000000e+00  1.323401e+05  0.000000e+00  0.000000e+00  0.000000e+00
1.886771e+02  9.297144e+04  1.952712e+04  6.426090e+02  2.415144e+02  3.602926e+03  1.102629e+02  8.688890e+02  7.127422e+01  7.127422e+01  0.000000e+00  1.415297e+05  0.000000e+00  1.000783e+05  0.000000e+00  0.000000e+00  0.000000e+00
2.116992e+02  4.031466e+04  2.403365e+04  8.376783e+02  5.048176e+02  1.476803e+03  6.352321e+01  8.894532e+02  0.000000e+00  0.000000e+00  4.113708e-04  1.080889e+05  0.000000e+00  6.410016e+04  0.000000e+00  1.512579e-03  0.000000e+00
2.375304e+02  2.903496e+04  1.269695e+05  1.377243e+03  4.984006e+02  2.206661e+03  3.285974e+01  8.944268e+02  1.129259e+02  0.000000e+00  3.994321e+01  8.028235e+04  0.000000e+00  4.617203e+04  0.000000e+00  7.642596e+01  0.000000e+00
2.665135e+02  2.376095e+04  1.053835e+05  1.419408e+03  2.754455e+02  3.088041e+03  5.818228e+01  6.812366e+02  0.000000e+00  5.045828e+01  7.232321e+00  6.007724e+04  0.000000e+00  3.472748e+04  0.000000e+00  0.000000e+00  0.000000e+00
2.990330e+02  1.422800e+04  1.578646e+04  7.823138e+02  2.839752e+02  2.498875e+03  1.066653e-01  1.255437e+03  5.584391e-04  2.053338e-03  3.084680e-01  4.557388e+04  0.000000e+00  2.596041e+04  0.000000e+00  0.000000e+00  0.000000e+00
3.355206e+02  1.230716e+04  1.376011e+04  9.248944e+02  3.571021e+02  2.634424e+03  4.008044e+01  9.204003e+02  4.652583e+01  3.372774e+01  1.822532e+01  3.321034e+04  1.626831e-01  1.658605e+04  0.000000e+00  0.000000e+00  7.854621e-03
3.764603e+02  8.267656e+03  1.026905e+04  1.093865e+03  2.120509e+02  2.998897e+03  6.769808e-01  6.817405e+02  0.000000e+00  4.118990e+01  0.000000e+00  2.317257e+04  0.000000e+00  1.221272e+04  0.000000e+00  0.000000e+00  0.000000e+00
4.223954e+02  5.319444e+03  8.327008e+03  7.154632e+02  3.317161e+02  2.476505e+03  2.679129e+01  1.030202e+03  6.462025e+01  3.183742e+01  1.446602e+01  1.739708e+04  0.000000e+00  7.157101e+03  0.000000e+00  7.580853e-04  0.000000e+00
4.739354e+02  4.011062e+03  6.677516e+03  1.029173e+03  6.298697e+02  2.077879e+03  2.471516e+01  8.766444e+02  4.250987e+01  6.124960e+00  0.000000e+00  1.028764e+04  0.000000e+00  4.869843e+03  6.124960e+00  0.000000e+00  0.000000e+00
5.317643e+02  3.026352e+03  4.362263e+03  1.012764e+03  2.793027e+02  2.303106e+03  7.635916e+01  8.754179e+02  6.534486e+01  6.670659e+01  2.558432e+01  8.364558e+03  0.000000e+00  3.850059e+03  1.637697e-04  3.413822e+01  0.000000e+00
5.966493e+02  2.696309e+03  3.618164e+03  1.035128e+03  4.266007e+02  2.286291e+03  4.595269e+01  7.779119e+02  7.599007e+01  4.508600e+01  1.298716e+00  6.481157e+03  0.000000e+00  2.450599e+03  0.000000e+00  1.029107e-03  0.000000e+00
6.694516e+02  2.020597e+03  3.003507e+03  1.288989e+03  6.915085e+02  2.150582e+03  5.459437e+01  1.050165e+03  6.049064e+01  5.490966e+01  1.431004e+01  4.399220e+03  0.000000e+00  1.194166e+03  0.000000e+00  0.000000e+00  0.000000e+00
7.511370e+02  1.614337e+03  2.335665e+03  9.274146e+02  5.610199e+02  1.442709e+03  2.083180e+01  7.958790e+02  7.891774e+01  3.806815e+01  1.046383e+01  2.647205e+03  0.000000e+00  9.234139e+02  0.000000e+00  0.000000e+00  0.000000e+00
8.427896e+02  1.010056e+03  1.883726e+03  7.582718e+02  6.608950e+02  1.546335e+03  4.990222e+01  8.868396e+02  3.182611e+01  1.346583e+01  3.387796e+00  1.492871e+03  0.000000e+00  4.645185e+02  0.000000e+00  8.709031e+00  0.000000e+00
9.456255e+02  9.487102e+02  1.633875e+03  9.993002e+02  3.928541e+02  1.332529e+03  4.535034e+01  8.887746e+02  9.488610e+01  0.000000e+00  3.869220e+01  1.119193e+03  5.188870e-03  3.731741e+02  0.000000e+00  0.000000e+00  0.000000e+00
1.061009e+03  8.685756e+02  1.121021e+03  9.202201e+02  6.411864e+02  1.039044e+03  6.326561e+01  8.654691e+02  7.028873e+01  7.241814e+01  1.819318e+00  8.833439e+02  0.000000e+00  9.922598e+01  9.148061e-02  5.144491e-02  0.000000e+00
1.190472e+03  5.802335e+02  9.857730e+02  8.512436e+02  6.566336e+02  8.383756e+02  5.125030e+01  5.090559e+02  8.509840e+01  3.748020e+01  3.184958e+00  5.365829e+02  0.000000e+00  1.557640e+02  0.000000e+00  0.000000e+00  0.000000e+00
1.335731e+03  5.555113e+02  8.387502e+02  6.942600e+02  5.118173e+02  6.718047e+02  2.823176e+01  6.950855e+02  2.790264e+01  5.752217e+01  8.627245e+00  2.608657e+02  0.000000e+00  4.012504e+01  5.495027e+00  0.000000e+00  0.000000e+00
1.498715e+03  3.599862e+02  6.364052e+02  5.904441e+02  5.156747e+02  4.471654e+02  7.436990e+01  5.731607e+02  8.765538e+01  6.764644e+01  1.228284e+01  1.894758e+02  6.657701e-03  8.541689e+01  0.000000e+00  0.000000e+00  2.169223e-02
1.681586e+03  1.385327e+02  5.454633e+02  4.341619e+02  4.626791e+02  5.062711e+02  4.955529e+01  4.639708e+02  5.863303e+01  5.053224e+01  1.756461e+01  1.357626e+02  0.000000e+00  6.960117e+01  2.760005e+00  0.000000e+00  1.567203e-03
1.886771e+03  1.685921e+02  3.360889e+02  4.387946e+02  6.156999e+02  4.049087e+02  4.454718e+01  4.196436e+02  6.105654e+01  4.018235e+01  2.096021e+01  7.527971e+01  6.408424e+00  8.218465e+00  6.500527e-01  6.335009e-04  0.000000e+00
2.116992e+03  1.561435e+02  3.456635e+02  2.868988e+02  3.764145e+02  1.656792e+02  3.679604e+01  2.963212e+02  5.433257e+01  1.496203e+01  1.743225e+01  2.574734e+01  3.758775e+00  1.043202e+01  1.512579e-04  0.000000e+00  1.512579e-04
2.375304e+03  5.879773e+01  2.086813e+02  2.465176e+02  5.028616e+02  1.534826e+02  5.646875e+01  2.649697e+02  5.198926e+01  3.640104e+01  6.705101e+00  5.024718e+01  7.030331e-05  0.000000e+00  6.403784e-02  0.000000e+00  1.671896e-01
2.665135e+03  5.659824e+01  1.337343e+02  1.996094e+02  3.985913e+02  7.735715e+01  4.876800e+01  1.661746e+02  8.588502e+01  1.499346e+01  2.862910e+01  1.702511e+01  5.047306e+00  4.418956e+00  2.907463e-01  0.000000e+00  2.296334e+00
2.990330e+03  7.793193e+00  9.000766e+01  1.192927e+02  3.025176e+02  6.455701e+01  5.604825e+01  1.161701e+02  6.360638e+01  5.582040e+00  4.870000e+00  1.171915e+01  1.471773e-01  0.000000e+00  2.593333e-01  0.000000e+00  2.688060e+00
3.355206e+03  8.640004e+00  1.013677e+02  8.822583e+01  3.145473e+02  1.753526e+01  6.096192e+01  8.041984e+01  4.034192e+01  1.058108e+01  1.090365e+01  1.177678e+00  3.565632e+00  3.059320e+00  9.601996e-03  0.000000e+00  1.213930e-04
3.764603e+03  4.235103e+00  3.980290e+01  6.396326e+01  1.982434e+02  1.095162e+01  3.800344e+01  4.343529e+01  2.879648e+01  5.592538e+00  8.166581e+00  4.243030e+00  3.164877e-02  2.313308e-05  2.300640e+00  0.000000e+00  6.026763e-01
4.223954e+03  2.368187e-02  3.488234e+01  1.964771e+01  1.629285e+02  2.446870e+00  2.136411e+01  4.290374e+01  2.931413e+01  7.048529e+00  5.000135e+00  3.619633e+00  1.910143e-01  0.000000e+00  2.468553e+00  0.000000e+00  1.928750e-01
4.739354e+03  5.133401e-02  1.821171e+01  3.191257e+01  1.419711e+02  4.336857e+00  2.631411e+01  6.992901e+00  1.624563e+01  2.012137e+00  2.552696e+00  2.127059e+00  9.833103e-01  2.522013e-04  4.169966e-03  0.000000e+00  2.573233e-02
5.317643e+03  2.933246e+00  1.255855e+01  1.563770e+01  8.747482e+01  3.671022e-02  1.719996e+01  1.149279e+00  3.210666e+01  9.756199e+00  3.357009e+00  2.150678e-01  2.279554e+00  0.000000e+00  6.202751e-01  0.000000e+00  3.473901e+00
5.966493e+03  1.453730e-01  5.834901e+00  3.401035e+00  4.062846e+01  2.176392e+00  2.225644e+01  1.442265e+00  7.205294e+00  3.270388e+00  6.489365e+00  5.345931e-03  2.653672e-02  0.000000e+00  6.674510e-02  0.000000e+00  3.238929e-01
6.694516e+03  2.494456e-05  3.195254e+00  4.296339e+00  2.655629e+01  3.101450e-02  2.821321e+01  3.739873e-02  6.444760e+00  1.990337e+00  5.375260e+00  9.880678e-01  5.083497e+00  0.000000e+00  3.676031e-02  0.000000e+00  3.936636e-04
7.511370e+03  8.595172e-03  1.648500e+00  4.913766e+00  2.225296e+01  9.814157e-01  1.249603e+01  5.642636e-01  3.655427e+00  6.178064e-01  2.974570e+00  5.079023e-03  2.100531e-01  0.000000e+00  1.421725e-03  0.000000e+00  1.829401e+00
8.427896e+03  4.711009e-02  5.906365e-01  2.901428e+00  1.853021e+00  5.089472e-02  1.331792e+01  3.181947e+00  6.889206e+00  5.983128e-01  2.648510e-01  1.449961e+00  9.624804e-01  0.000000e+00  6.550559e-04  0.000000e+00  5.726912e-02
9.456255e+03  0.000000e+00  2.054262e-01  2.532096e+00  6.608570e+00  1.412319e-01  9.946710e+00  3.386243e-05  2.667455e+00  9.788966e-01  5.167477e-01  3.096116e+00  1.182440e+00  0.000000e+00  5.069623e-01  0.000000e+00  3.406917e-03
1.061009e+04  0.000000e+00  1.798845e+00  1.634390e+00  3.471739e+00  1.436647e-02  5.107046e+00  9.714951e-02  1.957804e+00  3.094289e-03  1.149706e+00  4.419345e-01  1.013246e+00  0.000000e+00  1.573895e-05  0.000000e+00  4.470851e-01
1.190472e+04  0.000000e+00  1.413284e-04  2.213733e-04  1.757303e+00  0.000000e+00  1.275270e+00  7.315323e-06  6.404331e-03  2.805471e-05  7.086216e-01  5.222073e+00  7.270211e-01  0.000000e+00  1.548210e-02  0.000000e+00  3.005833e-02
1.335731e+04  0.000000e+00  4.801791e-02  1.461656e+00  1.914076e+00  0.000000e+00  3.092090e+00  4.596850e-05  1.075413e-01  2.394459e-03  3.885026e-01  1.185899e-01  1.867525e-02  0.000000e+00  0.000000e+00  0.000000e+00  6.327273e-02
1.498715e+04  0.000000e+00  3.096425e-01  6.657701e-04  1.360204e-02  0.000000e+00  6.143516e-01  0.000000e+00  1.725049e+00  3.642021e-03  2.657170e-02  4.273149e-05  2.107983e+00  0.000000e+00  3.250807e-05  0.000000e+00  5.017847e-01
1.681586e+04  0.000000e+00  1.478528e-03  9.930607e-06  9.172222e-03  0.000000e+00  1.325328e+00  5.178852e-06  1.483076e-02  0.000000e+00  5.933682e-04  2.917916e-04  1.932344e-04  0.000000e+00  9.946398e-02  0.000000e+00  2.910405e-01
1.886771e+04  0.000000e+00  8.234107e-03  0.000000e+00  1.538892e-01  0.000000e+00  1.015748e+00  0.000000e+00  5.431390e-01  0.000000e+00  0.000000e+00  4.214996e-02  1.543897e-01  0.000000e+00  4.101109e-01  0.000000e+00  5.755046e-02
2.116992e+04  0.000000e+00  4.113708e-06  0.000000e+00  4.068784e-02  0.000000e+00  3.311787e-05  0.000000e+00  1.875486e-02  0.000000e+00  0.000000e+00  0.000000e+00  1.371208e-01  0.000000e+00  8.610300e-01  0.000000e+00  1.875486e-02
2.375304e+04  0.000000e+00  0.000000e+00  0.000000e+00  3.666346e-06  0.000000e+00  1.808398e-02  1.109495e-04  1.342837e-03  0.000000e+00  2.297960e-03  3.262227e-02  1.406066e-05  0.000000e+00  0.000000e+00  0.000000e+00  2.062403e-01
2.665135e+04  0.000000e+00  9.888382e-05  0.000000e+00  1.741278e-01  0.000000e+00  0.000000e+00  0.000000e+00  0.000000e+00  0.000000e+00  4.484843e-05  0.000000e+00  0.000000e+00  0.000000e+00  0.000000e+00  0.000000e+00  9.888382e-05
2.990330e+04  0.000000e+00  0.000000e+00  0.000000e+00  3.081768e-03  0.000000e+00  0.000000e+00  0.000000e+00  0.000000e+00  0.000000e+00  0.000000e+00  0.000000e+00  4.148422e-03  0.000000e+00  2.697945e-02  0.000000e+00  8.144389e-03
3.355206e+04  0.000000e+00  0.000000e+00  0.000000e+00  0.000000e+00  0.000000e+00  0.000000e+00  0.000000e+00  0.000000e+00  0.000000e+00  0.000000e+00  0.000000e+00  9.543728e-06  0.000000e+00  5.410543e-01  0.000000e+00  7.124875e-05
3.764603e+04  0.000000e+00  0.000000e+00  0.000000e+00  2.650478e-04  0.000000e+00  0.000000e+00  0.000000e+00  0.000000e+00  0.000000e+00  0.000000e+00  0.000000e+00  2.447935e-03  0.000000e+00  2.650478e-04  0.000000e+00  2.313308e-06
4.223954e+04  0.000000e+00  0.000000e+00  0.000000e+00  1.161643e-04  0.000000e+00  0.000000e+00  0.000000e+00  1.482538e-01  0.000000e+00  0.000000e+00  0.000000e+00  2.421902e-03  0.000000e+00  0.000000e+00  0.000000e+00  0.000000e+00
4.739354e+04  0.000000e+00  0.000000e+00  0.000000e+00  0.000000e+00  0.000000e+00  0.000000e+00  0.000000e+00  1.837526e-06  0.000000e+00  0.000000e+00  0.000000e+00  1.053691e-04  0.000000e+00  1.944464e-03  0.000000e+00  0.000000e+00
5.317643e+04  0.000000e+00  0.000000e+00  0.000000e+00  0.000000e+00  0.000000e+00  0.000000e+00  0.000000e+00  0.000000e+00  0.000000e+00  0.000000e+00  0.000000e+00  0.000000e+00  0.000000e+00  0.000000e+00  0.000000e+00  0.000000e+00
5.966493e+04  0.000000e+00  0.000000e+00  0.000000e+00  0.000000e+00  0.000000e+00  0.000000e+00  0.000000e+00  0.000000e+00  0.000000e+00  0.000000e+00  0.000000e+00  0.000000e+00  0.000000e+00  0.000000e+00  0.000000e+00  0.000000e+00
6.694516e+04  0.000000e+00  0.000000e+00  0.000000e+00  0.000000e+00  0.000000e+00  0.000000e+00  0.000000e+00  0.000000e+00  0.000000e+00  0.000000e+00  0.000000e+00  0.000000e+00  0.000000e+00  0.000000e+00  0.000000e+00  4.777574e-04
7.511370e+04  0.000000e+00  0.000000e+00  0.000000e+00  0.000000e+00  0.000000e+00  0.000000e+00  0.000000e+00  0.000000e+00  0.000000e+00  0.000000e+00  0.000000e+00  0.000000e+00  0.000000e+00  0.000000e+00  0.000000e+00  6.178064e-02
8.427896e+04  0.000000e+00  0.000000e+00  0.000000e+00  0.000000e+00  0.000000e+00  0.000000e+00  0.000000e+00  0.000000e+00  0.000000e+00  0.000000e+00  0.000000e+00  0.000000e+00  0.000000e+00  0.000000e+00  0.000000e+00  0.000000e+00
9.456255e+04  0.000000e+00  0.000000e+00  0.000000e+00  0.000000e+00  0.000000e+00  0.000000e+00  0.000000e+00  0.000000e+00  0.000000e+00  0.000000e+00  0.000000e+00  0.000000e+00  0.000000e+00  0.000000e+00  0.000000e+00  0.000000e+00
1.061009e+05  0.000000e+00  0.000000e+00  0.000000e+00  0.000000e+00  0.000000e+00  0.000000e+00  0.000000e+00  0.000000e+00  0.000000e+00  0.000000e+00  0.000000e+00  0.000000e+00  0.000000e+00  0.000000e+00  0.000000e+00  0.000000e+00
1.190472e+05  0.000000e+00  0.000000e+00  0.000000e+00  0.000000e+00  0.000000e+00  0.000000e+00  0.000000e+00  0.000000e+00  0.000000e+00  0.000000e+00  0.000000e+00  0.000000e+00  0.000000e+00  0.000000e+00  0.000000e+00  0.000000e+00
1.335731e+05  0.000000e+00  0.000000e+00  0.000000e+00  0.000000e+00  0.000000e+00  0.000000e+00  0.000000e+00  0.000000e+00  0.000000e+00  0.000000e+00  0.000000e+00  0.000000e+00  0.000000e+00  0.000000e+00  0.000000e+00  0.000000e+00
1.498715e+05  0.000000e+00  0.000000e+00  0.000000e+00  0.000000e+00  0.000000e+00  0.000000e+00  0.000000e+00  0.000000e+00  0.000000e+00  0.000000e+00  0.000000e+00  0.000000e+00  0.000000e+00  0.000000e+00  0.000000e+00  0.000000e+00
1.681586e+05  0.000000e+00  0.000000e+00  0.000000e+00  0.000000e+00  0.000000e+00  0.000000e+00  0.000000e+00  0.000000e+00  0.000000e+00  0.000000e+00  0.000000e+00  0.000000e+00  0.000000e+00  0.000000e+00  0.000000e+00  0.000000e+00
1.886771e+05  0.000000e+00  0.000000e+00  0.000000e+00  0.000000e+00  0.000000e+00  0.000000e+00  0.000000e+00  0.000000e+00  0.000000e+00  0.000000e+00  0.000000e+00  0.000000e+00  0.000000e+00  0.000000e+00  0.000000e+00  0.000000e+00
2.116992e+05  0.000000e+00  0.000000e+00  0.000000e+00  0.000000e+00  0.000000e+00  0.000000e+00  0.000000e+00  0.000000e+00  0.000000e+00  0.000000e+00  0.000000e+00  0.000000e+00  0.000000e+00  0.000000e+00  0.000000e+00  0.000000e+00
2.375304e+05  0.000000e+00  0.000000e+00  0.000000e+00  0.000000e+00  0.000000e+00  0.000000e+00  0.000000e+00  0.000000e+00  0.000000e+00  0.000000e+00  0.000000e+00  0.000000e+00  0.000000e+00  0.000000e+00  0.000000e+00  0.000000e+00
2.665135e+05  0.000000e+00  0.000000e+00  0.000000e+00  0.000000e+00  0.000000e+00  0.000000e+00  0.000000e+00  0.000000e+00  0.000000e+00  0.000000e+00  0.000000e+00  0.000000e+00  0.000000e+00  0.000000e+00  0.000000e+00  0.000000e+00
2.990330e+05  0.000000e+00  0.000000e+00  0.000000e+00  0.000000e+00  0.000000e+00  0.000000e+00  0.000000e+00  0.000000e+00  0.000000e+00  0.000000e+00  0.000000e+00  0.000000e+00  0.000000e+00  0.000000e+00  0.000000e+00  0.000000e+00
3.355206e+05  0.000000e+00  0.000000e+00  0.000000e+00  0.000000e+00  0.000000e+00  0.000000e+00  0.000000e+00  0.000000e+00  0.000000e+00  0.000000e+00  0.000000e+00  0.000000e+00  0.000000e+00  0.000000e+00  0.000000e+00  0.000000e+00
3.764603e+05  0.000000e+00  0.000000e+00  0.000000e+00  0.000000e+00  0.000000e+00  0.000000e+00  0.000000e+00  0.000000e+00  0.000000e+00  0.000000e+00  0.000000e+00  0.000000e+00  0.000000e+00  0.000000e+00  0.000000e+00  0.000000e+00
4.223954e+05  0.000000e+00  0.000000e+00  0.000000e+00  0.000000e+00  0.000000e+00  0.000000e+00  0.000000e+00  0.000000e+00  0.000000e+00  0.000000e+00  0.000000e+00  0.000000e+00  0.000000e+00  0.000000e+00  0.000000e+00  0.000000e+00
4.739354e+05  0.000000e+00  0.000000e+00  0.000000e+00  0.000000e+00  0.000000e+00  0.000000e+00  0.000000e+00  0.000000e+00  0.000000e+00  0.000000e+00  0.000000e+00  0.000000e+00  0.000000e+00  0.000000e+00  0.000000e+00  0.000000e+00
5.317643e+05  0.000000e+00  0.000000e+00  0.000000e+00  0.000000e+00  0.000000e+00  0.000000e+00  0.000000e+00  0.000000e+00  0.000000e+00  0.000000e+00  0.000000e+00  0.000000e+00  0.000000e+00  0.000000e+00  0.000000e+00  0.000000e+00
5.966493e+05  0.000000e+00  0.000000e+00  0.000000e+00  0.000000e+00  0.000000e+00  0.000000e+00  0.000000e+00  0.000000e+00  0.000000e+00  0.000000e+00  0.000000e+00  0.000000e+00  0.000000e+00  0.000000e+00  0.000000e+00  0.000000e+00
6.694516e+05  0.000000e+00  0.000000e+00  0.000000e+00  0.000000e+00  0.000000e+00  0.000000e+00  0.000000e+00  0.000000e+00  0.000000e+00  0.000000e+00  0.000000e+00  0.000000e+00  0.000000e+00  0.000000e+00  0.000000e+00  0.000000e+00
7.511370e+05  0.000000e+00  0.000000e+00  0.000000e+00  0.000000e+00  0.000000e+00  0.000000e+00  0.000000e+00  0.000000e+00  0.000000e+00  0.000000e+00  0.000000e+00  0.000000e+00  0.000000e+00  0.000000e+00  0.000000e+00  0.000000e+00
8.427896e+05  0.000000e+00  0.000000e+00  0.000000e+00  0.000000e+00  0.000000e+00  0.000000e+00  0.000000e+00  0.000000e+00  0.000000e+00  0.000000e+00  0.000000e+00  0.000000e+00  0.000000e+00  0.000000e+00  0.000000e+00  0.000000e+00
9.456255e+05  0.000000e+00  0.000000e+00  0.000000e+00  0.000000e+00  0.000000e+00  0.000000e+00  0.000000e+00  0.000000e+00  0.000000e+00  0.000000e+00  0.000000e+00  0.000000e+00  0.000000e+00  0.000000e+00  0.000000e+00  0.000000e+00
